#Moon Reflectance r
#Wavelength
350	0.045
351	0.045
352	0.045
353	0.046
354	0.046
355	0.046
356	0.046
357	0.046
358	0.047
359	0.047
360	0.047
361	0.047
362	0.047
363	0.048
364	0.048
365	0.048
366	0.048
367	0.048
368	0.049
369	0.049
370	0.049
371	0.049
372	0.049
373	0.05
374	0.05
375	0.05
376	0.05
377	0.051
378	0.051
379	0.051
380	0.051
381	0.051
382	0.052
383	0.052
384	0.052
385	0.052
386	0.052
387	0.052
388	0.053
389	0.053
390	0.053
391	0.053
392	0.053
393	0.054
394	0.054
395	0.054
396	0.054
397	0.054
398	0.055
399	0.055
400	0.055
401	0.055
402	0.055
403	0.056
404	0.056
405	0.056
406	0.056
407	0.056
408	0.056
409	0.057
410	0.057
411	0.057
412	0.057
413	0.057
414	0.058
415	0.058
416	0.058
417	0.058
418	0.058
419	0.058
420	0.059
421	0.059
422	0.059
423	0.059
424	0.059
425	0.06
426	0.06
427	0.06
428	0.06
429	0.06
430	0.06
431	0.061
432	0.061
433	0.061
434	0.061
435	0.061
436	0.061
437	0.062
438	0.062
439	0.062
440	0.062
441	0.062
442	0.062
443	0.063
444	0.063
445	0.063
446	0.063
447	0.063
448	0.063
449	0.064
450	0.064
451	0.064
452	0.064
453	0.064
454	0.064
455	0.064
456	0.065
457	0.065
458	0.065
459	0.065
460	0.065
461	0.065
462	0.066
463	0.066
464	0.066
465	0.066
466	0.066
467	0.066
468	0.066
469	0.067
470	0.067
471	0.067
472	0.067
473	0.067
474	0.067
475	0.068
476	0.068
477	0.068
478	0.068
479	0.068
480	0.068
481	0.068
482	0.069
483	0.069
484	0.069
485	0.069
486	0.069
487	0.069
488	0.069
489	0.07
490	0.07
491	0.07
492	0.07
493	0.07
494	0.07
495	0.07
496	0.071
497	0.071
498	0.071
499	0.071
500	0.071
501	0.071
502	0.071
503	0.071
504	0.072
505	0.072
506	0.072
507	0.072
508	0.072
509	0.072
510	0.072
511	0.073
512	0.073
513	0.073
514	0.073
515	0.073
516	0.073
517	0.073
518	0.073
519	0.074
520	0.074
521	0.074
522	0.074
523	0.074
524	0.074
525	0.074
526	0.074
527	0.075
528	0.075
529	0.075
530	0.075
531	0.075
532	0.075
533	0.075
534	0.075
535	0.076
536	0.076
537	0.076
538	0.076
539	0.076
540	0.076
541	0.076
542	0.076
543	0.077
544	0.077
545	0.077
546	0.077
547	0.077
548	0.077
549	0.077
550	0.077
551	0.078
552	0.078
553	0.078
554	0.078
555	0.078
556	0.078
557	0.078
558	0.078
559	0.078
560	0.079
561	0.079
562	0.079
563	0.079
564	0.079
565	0.079
566	0.079
567	0.079
568	0.079
569	0.08
570	0.08
571	0.08
572	0.08
573	0.08
574	0.08
575	0.08
576	0.08
577	0.08
578	0.081
579	0.081
580	0.081
581	0.081
582	0.081
583	0.081
584	0.081
585	0.081
586	0.081
587	0.082
588	0.082
589	0.082
590	0.082
591	0.082
592	0.082
593	0.082
594	0.082
595	0.082
596	0.083
597	0.083
598	0.083
599	0.083
600	0.083
601	0.083
602	0.083
603	0.083
604	0.083
605	0.084
606	0.084
607	0.084
608	0.084
609	0.084
610	0.084
611	0.084
612	0.084
613	0.084
614	0.084
615	0.085
616	0.085
617	0.085
618	0.085
619	0.085
620	0.085
621	0.085
622	0.085
623	0.085
624	0.086
625	0.086
626	0.086
627	0.086
628	0.086
629	0.086
630	0.086
631	0.086
632	0.086
633	0.086
634	0.087
635	0.087
636	0.087
637	0.087
638	0.087
639	0.087
640	0.087
641	0.087
642	0.087
643	0.087
644	0.088
645	0.088
646	0.088
647	0.088
648	0.088
649	0.088
650	0.088
651	0.088
652	0.088
653	0.088
654	0.089
655	0.089
656	0.089
657	0.089
658	0.089
659	0.089
660	0.089
661	0.089
662	0.089
663	0.089
664	0.089
665	0.09
666	0.09
667	0.09
668	0.09
669	0.09
670	0.09
671	0.09
672	0.09
673	0.09
674	0.09
675	0.09
676	0.091
677	0.091
678	0.091
679	0.091
680	0.091
681	0.091
682	0.091
683	0.091
684	0.091
685	0.091
686	0.091
687	0.092
688	0.092
689	0.092
690	0.092
691	0.092
692	0.092
693	0.092
694	0.092
695	0.092
696	0.092
697	0.092
698	0.093
699	0.093
700	0.093
701	0.093
702	0.093
703	0.093
704	0.093
705	0.093
706	0.093
707	0.093
708	0.093
709	0.093
710	0.094
711	0.094
712	0.094
713	0.094
714	0.094
715	0.094
716	0.094
717	0.094
718	0.094
719	0.094
720	0.094
721	0.094
722	0.095
723	0.095
724	0.095
725	0.095
726	0.095
727	0.095
728	0.095
729	0.095
730	0.095
731	0.095
732	0.095
733	0.095
734	0.096
735	0.096
736	0.096
737	0.096
738	0.096
739	0.096
740	0.096
741	0.096
742	0.096
743	0.096
744	0.096
745	0.096
746	0.096
747	0.096
748	0.097
749	0.097
750	0.097
751	0.097
752	0.097
753	0.097
754	0.097
755	0.097
756	0.097
757	0.097
758	0.097
759	0.097
760	0.097
761	0.098
762	0.098
763	0.098
764	0.098
765	0.098
766	0.098
767	0.098
768	0.098
769	0.098
770	0.098
771	0.098
772	0.098
773	0.098
774	0.098
775	0.098
776	0.099
777	0.099
778	0.099
779	0.099
780	0.099
781	0.099
782	0.099
783	0.099
784	0.099
785	0.099
786	0.099
787	0.099
788	0.099
789	0.099
790	0.099
791	0.099
792	0.1
793	0.1
794	0.1
795	0.1
796	0.1
797	0.1
798	0.1
799	0.1
800	0.1
801	0.1
802	0.1
803	0.1
804	0.1
805	0.1
806	0.1
807	0.1
808	0.1
809	0.101
810	0.101
811	0.101
812	0.101
813	0.101
814	0.101
815	0.101
816	0.101
817	0.101
818	0.101
819	0.101
820	0.101
821	0.101
822	0.101
823	0.101
824	0.101
825	0.101
826	0.101
827	0.101
828	0.102
829	0.102
830	0.102
831	0.102
832	0.102
833	0.102
834	0.102
835	0.102
836	0.102
837	0.102
838	0.102
839	0.102
840	0.102
841	0.102
842	0.102
843	0.102
844	0.102
845	0.102
846	0.102
847	0.102
848	0.102
849	0.103
850	0.103
851	0.103
852	0.103
853	0.103
854	0.103
855	0.103
856	0.103
857	0.103
858	0.103
859	0.103
860	0.103
861	0.103
862	0.103
863	0.103
864	0.103
865	0.103
866	0.103
867	0.103
868	0.103
869	0.103
870	0.103
871	0.104
872	0.104
873	0.104
874	0.104
875	0.104
876	0.104
877	0.104
878	0.104
879	0.104
880	0.104
881	0.104
882	0.104
883	0.104
884	0.104
885	0.104
886	0.104
887	0.104
888	0.104
889	0.104
890	0.104
891	0.104
892	0.104
893	0.104
894	0.105
895	0.105
896	0.105
897	0.105
898	0.105
899	0.105
900	0.105
901	0.105
902	0.105
903	0.105
904	0.105
905	0.105
906	0.105
907	0.105
908	0.105
909	0.105
910	0.105
911	0.105
912	0.105
913	0.105
914	0.105
915	0.105
916	0.105
917	0.106
918	0.106
919	0.106
920	0.106
921	0.106
922	0.106
923	0.106
924	0.106
925	0.106
926	0.106
927	0.106
928	0.106
929	0.106
930	0.106
931	0.106
932	0.106
933	0.106
934	0.106
935	0.106
936	0.106
937	0.106
938	0.107
939	0.107
940	0.107
941	0.107
942	0.107
943	0.107
944	0.107
945	0.107
946	0.107
947	0.107
948	0.107
949	0.107
950	0.107
951	0.107
952	0.107
953	0.107
954	0.107
955	0.107
956	0.107
957	0.107
958	0.108
959	0.108
960	0.108
961	0.108
962	0.108
963	0.108
964	0.108
965	0.108
966	0.108
967	0.108
968	0.108
969	0.108
970	0.108
971	0.108
972	0.108
973	0.108
974	0.108
975	0.108
976	0.109
977	0.109
978	0.109
979	0.109
980	0.109
981	0.109
982	0.109
983	0.109
984	0.109
985	0.109
986	0.109
987	0.109
988	0.109
989	0.109
990	0.109
991	0.109
992	0.109
993	0.11
994	0.11
995	0.11
996	0.11
997	0.11
998	0.11
999	0.11
1000	0.11
1001	0.11
1002	0.11
1003	0.11
1004	0.11
1005	0.11
1006	0.11
1007	0.11
1008	0.111
1009	0.111
1010	0.111
1011	0.111
1012	0.111
1013	0.111
1014	0.111
1015	0.111
1016	0.111
1017	0.111
1018	0.111
1019	0.111
1020	0.111
1021	0.111
1022	0.112
1023	0.112
1024	0.112
1025	0.112
1026	0.112
1027	0.112
1028	0.112
1029	0.112
1030	0.112
1031	0.112
1032	0.112
1033	0.112
1034	0.112
1035	0.113
1036	0.113
1037	0.113
1038	0.113
1039	0.113
1040	0.113
1041	0.113
1042	0.113
1043	0.113
1044	0.113
1045	0.113
1046	0.113
1047	0.114
1048	0.114
1049	0.114
1050	0.114
1051	0.114
1052	0.114
1053	0.114
1054	0.114
1055	0.114
1056	0.114
1057	0.114
1058	0.114
1059	0.115
1060	0.115
1061	0.115
1062	0.115
1063	0.115
1064	0.115
1065	0.115
1066	0.115
1067	0.115
1068	0.115
1069	0.115
1070	0.115
1071	0.116
1072	0.116
1073	0.116
1074	0.116
1075	0.116
1076	0.116
1077	0.116
1078	0.116
1079	0.116
1080	0.116
1081	0.116
1082	0.117
1083	0.117
1084	0.117
1085	0.117
1086	0.117
1087	0.117
1088	0.117
1089	0.117
1090	0.117
1091	0.117
1092	0.117
1093	0.118
1094	0.118
1095	0.118
1096	0.118
1097	0.118
1098	0.118
1099	0.118
1100	0.118
1101	0.118
1102	0.118
1103	0.119
1104	0.119
1105	0.119
1106	0.119
1107	0.119
1108	0.119
1109	0.119
1110	0.119
1111	0.119
1112	0.119
1113	0.119
1114	0.12
1115	0.12
1116	0.12
1117	0.12
1118	0.12
1119	0.12
1120	0.12
1121	0.12
1122	0.12
1123	0.12
1124	0.121
1125	0.121
1126	0.121
1127	0.121
1128	0.121
1129	0.121
1130	0.121
1131	0.121
1132	0.121
1133	0.121
1134	0.122
1135	0.122
1136	0.122
1137	0.122
1138	0.122
1139	0.122
1140	0.122
1141	0.122
1142	0.122
1143	0.122
1144	0.123
1145	0.123
1146	0.123
1147	0.123
1148	0.123
1149	0.123
1150	0.123
1151	0.123
1152	0.123
1153	0.123
1154	0.123
1155	0.124
1156	0.124
1157	0.124
1158	0.124
1159	0.124
1160	0.124
1161	0.124
1162	0.124
1163	0.124
1164	0.124
1165	0.125
1166	0.125
1167	0.125
1168	0.125
1169	0.125
1170	0.125
1171	0.125
1172	0.125
1173	0.125
1174	0.125
1175	0.126
1176	0.126
1177	0.126
1178	0.126
1179	0.126
1180	0.126
1181	0.126
1182	0.126
1183	0.126
1184	0.126
1185	0.127
1186	0.127
1187	0.127
1188	0.127
1189	0.127
1190	0.127
1191	0.127
1192	0.127
1193	0.127
1194	0.127
1195	0.128
1196	0.128
1197	0.128
1198	0.128
1199	0.128
1200	0.128
1201	0.128
1202	0.128
1203	0.128
1204	0.128
1205	0.128
1206	0.129
1207	0.129
1208	0.129
1209	0.129
1210	0.129
1211	0.129
1212	0.129
1213	0.129
1214	0.129
1215	0.129
1216	0.13
1217	0.13
1218	0.13
1219	0.13
1220	0.13
1221	0.13
1222	0.13
1223	0.13
1224	0.13
1225	0.13
1226	0.13
1227	0.131
1228	0.131
1229	0.131
1230	0.131
1231	0.131
1232	0.131
1233	0.131
1234	0.131
1235	0.131
1236	0.131
1237	0.132
1238	0.132
1239	0.132
1240	0.132
1241	0.132
1242	0.132
1243	0.132
1244	0.132
1245	0.132
1246	0.132
1247	0.132
1248	0.133
1249	0.133
1250	0.133
1251	0.133
1252	0.133
1253	0.133
1254	0.133
1255	0.133
1256	0.133
1257	0.133
1258	0.133
1259	0.134
1260	0.134
1261	0.134
1262	0.134
1263	0.134
1264	0.134
1265	0.134
1266	0.134
1267	0.134
1268	0.134
1269	0.134
1270	0.135
1271	0.135
1272	0.135
1273	0.135
1274	0.135
1275	0.135
1276	0.135
1277	0.135
1278	0.135
1279	0.135
1280	0.135
1281	0.136
1282	0.136
1283	0.136
1284	0.136
1285	0.136
1286	0.136
1287	0.136
1288	0.136
1289	0.136
1290	0.136
1291	0.137
1292	0.137
1293	0.137
1294	0.137
1295	0.137
1296	0.137
1297	0.137
1298	0.137
1299	0.137
1300	0.137
1301	0.137
1302	0.138
1303	0.138
1304	0.138
1305	0.138
1306	0.138
1307	0.138
1308	0.138
1309	0.138
1310	0.138
1311	0.138
1312	0.138
1313	0.139
1314	0.139
1315	0.139
1316	0.139
1317	0.139
1318	0.139
1319	0.139
1320	0.139
1321	0.139
1322	0.139
1323	0.139
1324	0.14
1325	0.14
1326	0.14
1327	0.14
1328	0.14
1329	0.14
1330	0.14
1331	0.14
1332	0.14
1333	0.14
1334	0.141
1335	0.141
1336	0.141
1337	0.141
1338	0.141
1339	0.141
1340	0.141
1341	0.141
1342	0.141
1343	0.141
1344	0.141
1345	0.142
1346	0.142
1347	0.142
1348	0.142
1349	0.142
1350	0.142
1351	0.142
1352	0.142
1353	0.142
1354	0.142
1355	0.143
1356	0.143
1357	0.143
1358	0.143
1359	0.143
1360	0.143
1361	0.143
1362	0.143
1363	0.143
1364	0.143
1365	0.143
1366	0.144
1367	0.144
1368	0.144
1369	0.144
1370	0.144
1371	0.144
1372	0.144
1373	0.144
1374	0.144
1375	0.144
1376	0.145
1377	0.145
1378	0.145
1379	0.145
1380	0.145
1381	0.145
1382	0.145
1383	0.145
1384	0.145
1385	0.145
1386	0.146
1387	0.146
1388	0.146
1389	0.146
1390	0.146
1391	0.146
1392	0.146
1393	0.146
1394	0.146
1395	0.146
1396	0.147
1397	0.147
1398	0.147
1399	0.147
1400	0.147
1401	0.147
1402	0.147
1403	0.147
1404	0.147
1405	0.148
1406	0.148
1407	0.148
1408	0.148
1409	0.148
1410	0.148
1411	0.148
1412	0.148
1413	0.148
1414	0.148
1415	0.149
1416	0.149
1417	0.149
1418	0.149
1419	0.149
1420	0.149
1421	0.149
1422	0.149
1423	0.149
1424	0.15
1425	0.15
1426	0.15
1427	0.15
1428	0.15
1429	0.15
1430	0.15
1431	0.15
1432	0.15
1433	0.15
1434	0.151
1435	0.151
1436	0.151
1437	0.151
1438	0.151
1439	0.151
1440	0.151
1441	0.151
1442	0.151
1443	0.152
1444	0.152
1445	0.152
1446	0.152
1447	0.152
1448	0.152
1449	0.152
1450	0.152
1451	0.152
1452	0.152
1453	0.153
1454	0.153
1455	0.153
1456	0.153
1457	0.153
1458	0.153
1459	0.153
1460	0.153
1461	0.153
1462	0.154
1463	0.154
1464	0.154
1465	0.154
1466	0.154
1467	0.154
1468	0.154
1469	0.154
1470	0.154
1471	0.155
1472	0.155
1473	0.155
1474	0.155
1475	0.155
1476	0.155
1477	0.155
1478	0.155
1479	0.155
1480	0.155
1481	0.156
1482	0.156
1483	0.156
1484	0.156
1485	0.156
1486	0.156
1487	0.156
1488	0.156
1489	0.156
1490	0.156
1491	0.157
1492	0.157
1493	0.157
1494	0.157
1495	0.157
1496	0.157
1497	0.157
1498	0.157
1499	0.157
1500	0.158
1501	0.158
1502	0.158
1503	0.158
1504	0.158
1505	0.158
1506	0.158
1507	0.158
1508	0.158
1509	0.158
1510	0.159
1511	0.159
1512	0.159
1513	0.159
1514	0.159
1515	0.159
1516	0.159
1517	0.159
1518	0.159
1519	0.159
1520	0.159
1521	0.16
1522	0.16
1523	0.16
1524	0.16
1525	0.16
1526	0.16
1527	0.16
1528	0.16
1529	0.16
1530	0.16
1531	0.161
1532	0.161
1533	0.161
1534	0.161
1535	0.161
1536	0.161
1537	0.161
1538	0.161
1539	0.161
1540	0.161
1541	0.161
1542	0.162
1543	0.162
1544	0.162
1545	0.162
1546	0.162
1547	0.162
1548	0.162
1549	0.162
1550	0.162
1551	0.162
1552	0.162
1553	0.162
1554	0.163
1555	0.163
1556	0.163
1557	0.163
1558	0.163
1559	0.163
1560	0.163
1561	0.163
1562	0.163
1563	0.163
1564	0.163
1565	0.163
1566	0.164
1567	0.164
1568	0.164
1569	0.164
1570	0.164
1571	0.164
1572	0.164
1573	0.164
1574	0.164
1575	0.164
1576	0.164
1577	0.164
1578	0.164
1579	0.165
1580	0.165
1581	0.165
1582	0.165
1583	0.165
1584	0.165
1585	0.165
1586	0.165
1587	0.165
1588	0.165
1589	0.165
1590	0.165
1591	0.165
1592	0.165
1593	0.166
1594	0.166
1595	0.166
1596	0.166
1597	0.166
1598	0.166
1599	0.166
1600	0.166
1601	0.166
1602	0.166
1603	0.166
1604	0.166
1605	0.166
1606	0.166
1607	0.166
1608	0.166
1609	0.167
1610	0.167
1611	0.167
1612	0.167
1613	0.167
1614	0.167
1615	0.167
1616	0.167
1617	0.167
1618	0.167
1619	0.167
1620	0.167
1621	0.167
1622	0.167
1623	0.167
1624	0.167
1625	0.167
1626	0.167
1627	0.167
1628	0.168
1629	0.168
1630	0.168
1631	0.168
1632	0.168
1633	0.168
1634	0.168
1635	0.168
1636	0.168
1637	0.168
1638	0.168
1639	0.168
1640	0.168
1641	0.168
1642	0.168
1643	0.168
1644	0.168
1645	0.168
1646	0.168
1647	0.168
1648	0.168
1649	0.168
1650	0.168
1651	0.169
1652	0.169
1653	0.169
1654	0.169
1655	0.169
1656	0.169
1657	0.169
1658	0.169
1659	0.169
1660	0.169
1661	0.169
1662	0.169
1663	0.169
1664	0.169
1665	0.169
1666	0.169
1667	0.169
1668	0.169
1669	0.169
1670	0.169
1671	0.169
1672	0.169
1673	0.169
1674	0.169
1675	0.169
1676	0.169
1677	0.169
1678	0.169
1679	0.17
1680	0.17
1681	0.17
1682	0.17
1683	0.17
1684	0.17
1685	0.17
1686	0.17
1687	0.17
1688	0.17
1689	0.17
1690	0.17
1691	0.17
1692	0.17
1693	0.17
1694	0.17
1695	0.17
1696	0.17
1697	0.17
1698	0.17
1699	0.17
1700	0.17
1701	0.17
1702	0.17
1703	0.17
1704	0.17
1705	0.17
1706	0.17
1707	0.17
1708	0.17
1709	0.17
1710	0.17
1711	0.17
1712	0.17
1713	0.17
1714	0.171
1715	0.171
1716	0.171
1717	0.171
1718	0.171
1719	0.171
1720	0.171
1721	0.171
1722	0.171
1723	0.171
1724	0.171
1725	0.171
1726	0.171
1727	0.171
1728	0.171
1729	0.171
1730	0.171
1731	0.171
1732	0.171
1733	0.171
1734	0.171
1735	0.171
1736	0.171
1737	0.171
1738	0.171
1739	0.171
1740	0.171
1741	0.171
1742	0.171
1743	0.171
1744	0.171
1745	0.171
1746	0.171
1747	0.171
1748	0.171
1749	0.171
1750	0.171
1751	0.171
1752	0.171
1753	0.172
1754	0.172
1755	0.172
1756	0.172
1757	0.172
1758	0.172
1759	0.172
1760	0.172
1761	0.172
1762	0.172
1763	0.172
1764	0.172
1765	0.172
1766	0.172
1767	0.172
1768	0.172
1769	0.172
1770	0.172
1771	0.172
1772	0.172
1773	0.172
1774	0.172
1775	0.172
1776	0.172
1777	0.172
1778	0.172
1779	0.172
1780	0.172
1781	0.172
1782	0.172
1783	0.172
1784	0.172
1785	0.172
1786	0.173
1787	0.173
1788	0.173
1789	0.173
1790	0.173
1791	0.173
1792	0.173
1793	0.173
1794	0.173
1795	0.173
1796	0.173
1797	0.173
1798	0.173
1799	0.173
1800	0.173
1801	0.173
1802	0.173
1803	0.173
1804	0.173
1805	0.173
1806	0.173
1807	0.173
1808	0.173
1809	0.173
1810	0.173
1811	0.173
1812	0.173
1813	0.174
1814	0.174
1815	0.174
1816	0.174
1817	0.174
1818	0.174
1819	0.174
1820	0.174
1821	0.174
1822	0.174
1823	0.174
1824	0.174
1825	0.174
1826	0.174
1827	0.174
1828	0.174
1829	0.174
1830	0.174
1831	0.174
1832	0.174
1833	0.174
1834	0.174
1835	0.174
1836	0.175
1837	0.175
1838	0.175
1839	0.175
1840	0.175
1841	0.175
1842	0.175
1843	0.175
1844	0.175
1845	0.175
1846	0.175
1847	0.175
1848	0.175
1849	0.175
1850	0.175
1851	0.175
1852	0.175
1853	0.175
1854	0.175
1855	0.176
1856	0.176
1857	0.176
1858	0.176
1859	0.176
1860	0.176
1861	0.176
1862	0.176
1863	0.176
1864	0.176
1865	0.176
1866	0.176
1867	0.176
1868	0.176
1869	0.176
1870	0.176
1871	0.176
1872	0.176
1873	0.176
1874	0.177
1875	0.177
1876	0.177
1877	0.177
1878	0.177
1879	0.177
1880	0.177
1881	0.177
1882	0.177
1883	0.177
1884	0.177
1885	0.177
1886	0.177
1887	0.177
1888	0.177
1889	0.177
1890	0.178
1891	0.178
1892	0.178
1893	0.178
1894	0.178
1895	0.178
1896	0.178
1897	0.178
1898	0.178
1899	0.178
1900	0.178
1901	0.178
1902	0.178
1903	0.178
1904	0.178
1905	0.178
1906	0.178
1907	0.179
1908	0.179
1909	0.179
1910	0.179
1911	0.179
1912	0.179
1913	0.179
1914	0.179
1915	0.179
1916	0.179
1917	0.179
1918	0.179
1919	0.179
1920	0.179
1921	0.179
1922	0.18
1923	0.18
1924	0.18
1925	0.18
1926	0.18
1927	0.18
1928	0.18
1929	0.18
1930	0.18
1931	0.18
1932	0.18
1933	0.18
1934	0.18
1935	0.18
1936	0.18
1937	0.181
1938	0.181
1939	0.181
1940	0.181
1941	0.181
1942	0.181
1943	0.181
1944	0.181
1945	0.181
1946	0.181
1947	0.181
1948	0.181
1949	0.181
1950	0.181
1951	0.181
1952	0.182
1953	0.182
1954	0.182
1955	0.182
1956	0.182
1957	0.182
1958	0.182
1959	0.182
1960	0.182
1961	0.182
1962	0.182
1963	0.182
1964	0.182
1965	0.182
1966	0.183
1967	0.183
1968	0.183
1969	0.183
1970	0.183
1971	0.183
1972	0.183
1973	0.183
1974	0.183
1975	0.183
1976	0.183
1977	0.183
1978	0.183
1979	0.183
1980	0.184
1981	0.184
1982	0.184
1983	0.184
1984	0.184
1985	0.184
1986	0.184
1987	0.184
1988	0.184
1989	0.184
1990	0.184
1991	0.184
1992	0.184
1993	0.184
1994	0.185
1995	0.185
1996	0.185
1997	0.185
1998	0.185
1999	0.185
2000	0.185
2001	0.185
2002	0.185
2003	0.185
2004	0.185
2005	0.185
2006	0.185
2007	0.186
2008	0.186
2009	0.186
2010	0.186
2011	0.186
2012	0.186
2013	0.186
2014	0.186
2015	0.186
2016	0.186
2017	0.186
2018	0.186
2019	0.186
2020	0.186
2021	0.187
2022	0.187
2023	0.187
2024	0.187
2025	0.187
2026	0.187
2027	0.187
2028	0.187
2029	0.187
2030	0.187
2031	0.187
2032	0.187
2033	0.187
2034	0.187
2035	0.188
2036	0.188
2037	0.188
2038	0.188
2039	0.188
2040	0.188
2041	0.188
2042	0.188
2043	0.188
2044	0.188
2045	0.188
2046	0.188
2047	0.188
2048	0.189
2049	0.189
2050	0.189
2051	0.189
2052	0.189
2053	0.189
2054	0.189
2055	0.189
2056	0.189
2057	0.189
2058	0.189
2059	0.189
2060	0.189
2061	0.189
2062	0.19
2063	0.19
2064	0.19
2065	0.19
2066	0.19
2067	0.19
2068	0.19
2069	0.19
2070	0.19
2071	0.19
2072	0.19
2073	0.19
2074	0.19
2075	0.191
2076	0.191
2077	0.191
2078	0.191
2079	0.191
2080	0.191
2081	0.191
2082	0.191
2083	0.191
2084	0.191
2085	0.191
2086	0.191
2087	0.191
2088	0.192
2089	0.192
2090	0.192
2091	0.192
2092	0.192
2093	0.192
2094	0.192
2095	0.192
2096	0.192
2097	0.192
2098	0.192
2099	0.192
2100	0.192
2101	0.192
2102	0.193
2103	0.193
2104	0.193
2105	0.193
2106	0.193
2107	0.193
2108	0.193
2109	0.193
2110	0.193
2111	0.193
2112	0.193
2113	0.193
2114	0.193
2115	0.194
2116	0.194
2117	0.194
2118	0.194
2119	0.194
2120	0.194
2121	0.194
2122	0.194
2123	0.194
2124	0.194
2125	0.194
2126	0.194
2127	0.194
2128	0.195
2129	0.195
2130	0.195
2131	0.195
2132	0.195
2133	0.195
2134	0.195
2135	0.195
2136	0.195
2137	0.195
2138	0.195
2139	0.195
2140	0.195
2141	0.196
2142	0.196
2143	0.196
2144	0.196
2145	0.196
2146	0.196
2147	0.196
2148	0.196
2149	0.196
2150	0.196
2151	0.196
2152	0.196
2153	0.196
2154	0.196
2155	0.197
2156	0.197
2157	0.197
2158	0.197
2159	0.197
2160	0.197
2161	0.197
2162	0.197
2163	0.197
2164	0.197
2165	0.197
2166	0.197
2167	0.197
2168	0.198
2169	0.198
2170	0.198
2171	0.198
2172	0.198
2173	0.198
2174	0.198
2175	0.198
2176	0.198
2177	0.198
2178	0.198
2179	0.198
2180	0.198
2181	0.199
2182	0.199
2183	0.199
2184	0.199
2185	0.199
2186	0.199
2187	0.199
2188	0.199
2189	0.199
2190	0.199
2191	0.199
2192	0.199
2193	0.199
2194	0.2
2195	0.2
2196	0.2
2197	0.2
2198	0.2
2199	0.2
2200	0.2
2201	0.2
2202	0.2
2203	0.2
2204	0.2
2205	0.2
2206	0.2
2207	0.201
2208	0.201
2209	0.201
2210	0.201
2211	0.201
2212	0.201
2213	0.201
2214	0.201
2215	0.201
2216	0.201
2217	0.201
2218	0.201
2219	0.201
2220	0.202
2221	0.202
2222	0.202
2223	0.202
2224	0.202
2225	0.202
2226	0.202
2227	0.202
2228	0.202
2229	0.202
2230	0.202
2231	0.202
2232	0.202
2233	0.203
2234	0.203
2235	0.203
2236	0.203
2237	0.203
2238	0.203
2239	0.203
2240	0.203
2241	0.203
2242	0.203
2243	0.203
2244	0.203
2245	0.203
2246	0.204
2247	0.204
2248	0.204
2249	0.204
2250	0.204
2251	0.204
2252	0.204
2253	0.204
2254	0.204
2255	0.204
2256	0.204
2257	0.204
2258	0.204
2259	0.205
2260	0.205
2261	0.205
2262	0.205
2263	0.205
2264	0.205
2265	0.205
2266	0.205
2267	0.205
2268	0.205
2269	0.205
2270	0.205
2271	0.205
2272	0.205
2273	0.206
2274	0.206
2275	0.206
2276	0.206
2277	0.206
2278	0.206
2279	0.206
2280	0.206
2281	0.206
2282	0.206
2283	0.206
2284	0.206
2285	0.206
2286	0.207
2287	0.207
2288	0.207
2289	0.207
2290	0.207
2291	0.207
2292	0.207
2293	0.207
2294	0.207
2295	0.207
2296	0.207
2297	0.207
2298	0.207
2299	0.208
2300	0.208
2301	0.208
2302	0.208
2303	0.208
2304	0.208
2305	0.208
2306	0.208
2307	0.208
2308	0.208
2309	0.208
2310	0.208
2311	0.208
2312	0.209
2313	0.209
2314	0.209
2315	0.209
2316	0.209
2317	0.209
2318	0.209
2319	0.209
2320	0.209
2321	0.209
2322	0.209
2323	0.209
2324	0.209
2325	0.209
2326	0.21
2327	0.21
2328	0.21
2329	0.21
2330	0.21
2331	0.21
2332	0.21
2333	0.21
2334	0.21
2335	0.21
2336	0.21
2337	0.21
2338	0.21
2339	0.211
2340	0.211
2341	0.211
2342	0.211
2343	0.211
2344	0.211
2345	0.211
2346	0.211
2347	0.211
2348	0.211
2349	0.211
2350	0.211
2351	0.211
2352	0.212
2353	0.212
2354	0.212
2355	0.212
2356	0.212
2357	0.212
2358	0.212
2359	0.212
2360	0.212
2361	0.212
2362	0.212
2363	0.212
2364	0.212
2365	0.212
2366	0.213
2367	0.213
2368	0.213
2369	0.213
2370	0.213
2371	0.213
2372	0.213
2373	0.213
2374	0.213
2375	0.213
2376	0.213
2377	0.213
2378	0.213
2379	0.213
2380	0.214
2381	0.214
2382	0.214
2383	0.214
2384	0.214
2385	0.214
2386	0.214
2387	0.214
2388	0.214
2389	0.214
2390	0.214
2391	0.214
2392	0.214
2393	0.214
2394	0.215
2395	0.215
2396	0.215
2397	0.215
2398	0.215
2399	0.215
2400	0.215
2401	0.215
2402	0.215
2403	0.215
2404	0.215
2405	0.215
2406	0.215
2407	0.216
2408	0.216
2409	0.216
2410	0.216
2411	0.216
2412	0.216
2413	0.216
2414	0.216
2415	0.216
2416	0.216
2417	0.216
2418	0.216
2419	0.216
2420	0.216
2421	0.216
2422	0.217
2423	0.217
2424	0.217
2425	0.217
2426	0.217
2427	0.217
2428	0.217
2429	0.217
2430	0.217
2431	0.217
2432	0.217
2433	0.217
2434	0.217
2435	0.217
2436	0.218
2437	0.218
2438	0.218
2439	0.218
2440	0.218
2441	0.218
2442	0.218
2443	0.218
2444	0.218
2445	0.218
2446	0.218
2447	0.218
2448	0.218
2449	0.218
2450	0.219
2451	0.219
2452	0.219
2453	0.219
2454	0.219
2455	0.219
2456	0.219
2457	0.219
2458	0.219
2459	0.219
2460	0.219
2461	0.219
2462	0.219
2463	0.219
2464	0.22
2465	0.22
2466	0.22
2467	0.22
2468	0.22
2469	0.22
2470	0.22
2471	0.22
2472	0.22
2473	0.22
2474	0.22
2475	0.22
2476	0.22
2477	0.22
2478	0.22
2479	0.221
2480	0.221
2481	0.221
2482	0.221
2483	0.221
2484	0.221
2485	0.221
2486	0.221
2487	0.221
2488	0.221
2489	0.221
2490	0.221
2491	0.221
2492	0.221
2493	0.222
2494	0.222
2495	0.222
2496	0.222
2497	0.222
2498	0.222
2499	0.222
2500	0.222
